dcb1_alpha1_sig_pdf: 1.3022450404257504
dcb1_alpha2_sig_pdf: 5.601365259751286
dcb1_coeff_sig_pdf: 13310.260969825893
dcb1_mean_sig_pdf: 5.263514546277608
dcb1_n1_sig_pdf: 349.3430011227511
dcb1_n2_sig_pdf: 22.463540432250937
dcb1_sigma_sig_pdf: 0.04024132195094622
dcb2_alpha1_sig_pdf: 0.35112419274177475
dcb2_alpha2_sig_pdf: 2.6959548226643415
dcb2_coeff_sig_pdf: 45235.40958299534
dcb2_mean_sig_pdf: 5.290437540514785
dcb2_n1_sig_pdf: 199.99930246226717
dcb2_n2_sig_pdf: 2.660835909272581
dcb2_sigma_sig_pdf: 0.05122445404124701
dcb_alpha1_part_bkg_pdf_jpsipi_pion: 0.6774645282986557
dcb_alpha2_part_bkg_pdf_jpsipi_pion: 0.7840350063974233
dcb_mean_part_bkg_pdf_jpsipi_pion: 5.378162748996787
dcb_n1_part_bkg_pdf_jpsipi_pion: 13.92949862271867
dcb_n2_part_bkg_pdf_jpsipi_pion: 99.99902073642568
dcb_sigma_part_bkg_pdf_jpsipi_pion: 0.07716647281136794
exp_slope_comb_bkg_pdf: -1.7421074973371864
