cb1_alpha_sig_pdf: 1.2643749126923898
cb1_coeff_sig_pdf: 44995.59406826985
cb1_mean_sig_pdf: 5.2736605303062065
cb1_n_sig_pdf: 49.999984277208455
cb1_sigma_sig_pdf: 0.05579828581605778
cb2_alpha_sig_pdf: 2.9238204924761586
cb2_coeff_sig_pdf: 7194.2585657560285
cb2_mean_sig_pdf: 5.138501547347179
cb2_n_sig_pdf: 0.500000478923638
cb2_sigma_sig_pdf: 0.05869132364267477
dcb_alpha1_part_bkg_pdf_jpsipi_pion: 1.3094384753914214
dcb_alpha2_part_bkg_pdf_jpsipi_pion: 0.9027238733914984
dcb_mean_part_bkg_pdf_jpsipi_pion: 5.374314336378542
dcb_n1_part_bkg_pdf_jpsipi_pion: 99.99998986885208
dcb_n2_part_bkg_pdf_jpsipi_pion: 99.99985413263374
dcb_sigma_part_bkg_pdf_jpsipi_pion: 0.08713538345195938
exp_slope_comb_bkg_pdf: -1.642616845846161
