dcb1_alpha1_sig_pdf: 1.7245803793832613
dcb1_alpha2_sig_pdf: 8.150385771143284
dcb1_coeff_sig_pdf: 39889.35324620806
dcb1_mean_sig_pdf: 5.2770591816054635
dcb1_n1_sig_pdf: 140.69806938121818
dcb1_n2_sig_pdf: 47.623596649444714
dcb1_sigma_sig_pdf: 0.05206103695999886
dcb2_alpha1_sig_pdf: 0.25000026848311574
dcb2_alpha2_sig_pdf: 0.6980786828776676
dcb2_coeff_sig_pdf: 19231.357535074745
dcb2_mean_sig_pdf: 5.163765836432818
dcb2_n1_sig_pdf: 192.59173590641745
dcb2_n2_sig_pdf: 93.52187442797573
dcb2_sigma_sig_pdf: 0.04318757019522992
dcb_alpha1_part_bkg_pdf_jpsipi_pion: 0.7726780707114133
dcb_alpha2_part_bkg_pdf_jpsipi_pion: 0.7977974354771659
dcb_mean_part_bkg_pdf_jpsipi_pion: 5.3767732963972374
dcb_n1_part_bkg_pdf_jpsipi_pion: 4.991961423684709
dcb_n2_part_bkg_pdf_jpsipi_pion: 99.99298008052216
dcb_sigma_part_bkg_pdf_jpsipi_pion: 0.0785569195894368
exp_slope_comb_bkg_pdf: -1.7717953172049912
