dcb1_alpha1_sig_pdf: 1.0000012649802255
dcb1_alpha2_sig_pdf: 2.873534547296436
dcb1_coeff_sig_pdf: 46423.11747781581
dcb1_mean_sig_pdf: 5.274296944216834
dcb1_n1_sig_pdf: 14.554582566697144
dcb1_n2_sig_pdf: 2.5479277115557655
dcb1_sigma_sig_pdf: 0.05419539194053214
dcb2_alpha1_sig_pdf: 5.036968972270575
dcb2_alpha2_sig_pdf: 5.7789642090087305
dcb2_coeff_sig_pdf: 9186.928436311047
dcb2_mean_sig_pdf: 5.108864656038395
dcb2_n1_sig_pdf: 27.70046489751654
dcb2_n2_sig_pdf: 87.4386188567565
dcb2_sigma_sig_pdf: 0.0977388915041204
dcb_alpha1_part_bkg_pdf_jpsipi_pion: 0.9058862332344858
dcb_alpha2_part_bkg_pdf_jpsipi_pion: 0.8564709216286368
dcb_mean_part_bkg_pdf_jpsipi_pion: 5.374086616572487
dcb_n1_part_bkg_pdf_jpsipi_pion: 99.99997950817124
dcb_n2_part_bkg_pdf_jpsipi_pion: 99.99915821348692
dcb_sigma_part_bkg_pdf_jpsipi_pion: 0.08374328325906642
exp_slope_comb_bkg_pdf: -1.718215987366476
