dcb1_alpha1_sig_pdf: 1.0000000007716228
dcb1_alpha2_sig_pdf: 7.116617540594855
dcb1_coeff_sig_pdf: 47288.50798600152
dcb1_mean_sig_pdf: 5.273439116721456
dcb1_n1_sig_pdf: 4.928891934955651
dcb1_n2_sig_pdf: 32.55526068039685
dcb1_sigma_sig_pdf: 0.053662687872554495
dcb2_alpha1_sig_pdf: 1.0000000430469496
dcb2_alpha2_sig_pdf: 2.46609286665687
dcb2_coeff_sig_pdf: 11245.56534972473
dcb2_mean_sig_pdf: 5.100000037354602
dcb2_n1_sig_pdf: 99.99988164029403
dcb2_n2_sig_pdf: 19.74615923931048
dcb2_sigma_sig_pdf: 0.13834493510804655
dcb_alpha1_part_bkg_pdf_jpsipi_pion: 0.6774645282986557
dcb_alpha2_part_bkg_pdf_jpsipi_pion: 0.7840350063974233
dcb_mean_part_bkg_pdf_jpsipi_pion: 5.378162748996787
dcb_n1_part_bkg_pdf_jpsipi_pion: 13.92949862271867
dcb_n2_part_bkg_pdf_jpsipi_pion: 99.99902073642568
dcb_sigma_part_bkg_pdf_jpsipi_pion: 0.07716647281136794
exp_slope_comb_bkg_pdf: -1.7421074973371864
