dcb1_alpha1_sig_pdf: 1.0000000064512
dcb1_alpha2_sig_pdf: 3.7658538780481154
dcb1_coeff_sig_pdf: 51749.52973121314
dcb1_mean_sig_pdf: 5.273107812486359
dcb1_n1_sig_pdf: 2.3322717451771466
dcb1_n2_sig_pdf: 0.980594217839108
dcb1_sigma_sig_pdf: 0.053981788422130604
dcb2_alpha1_sig_pdf: 1.0000000191079697
dcb2_alpha2_sig_pdf: 2.310814185936683
dcb2_coeff_sig_pdf: 7441.444618427906
dcb2_mean_sig_pdf: 5.12156646375837
dcb2_n1_sig_pdf: 99.99107952183233
dcb2_n2_sig_pdf: 57.808331304004966
dcb2_sigma_sig_pdf: 0.13270074639176344
dcb_alpha1_part_bkg_pdf_jpsipi_pion: 0.7726780707114133
dcb_alpha2_part_bkg_pdf_jpsipi_pion: 0.7977974354771659
dcb_mean_part_bkg_pdf_jpsipi_pion: 5.3767732963972374
dcb_n1_part_bkg_pdf_jpsipi_pion: 4.991961423684709
dcb_n2_part_bkg_pdf_jpsipi_pion: 99.99298008052216
dcb_sigma_part_bkg_pdf_jpsipi_pion: 0.0785569195894368
exp_slope_comb_bkg_pdf: -1.7717953172049912
