dcb1_alpha1_sig_pdf: 1.000001188933881
dcb1_alpha2_sig_pdf: 3.1421323061336364
dcb1_coeff_sig_pdf: 45454.006708799876
dcb1_mean_sig_pdf: 5.274192637409463
dcb1_n1_sig_pdf: 12.135926987609977
dcb1_n2_sig_pdf: 1.7598395974158367
dcb1_sigma_sig_pdf: 0.05370994277627624
dcb2_alpha1_sig_pdf: 4.68057541929374
dcb2_alpha2_sig_pdf: 5.971061091884643
dcb2_coeff_sig_pdf: 11158.276917390942
dcb2_mean_sig_pdf: 5.1088327098743305
dcb2_n1_sig_pdf: 44.56397826206535
dcb2_n2_sig_pdf: 53.31215159808672
dcb2_sigma_sig_pdf: 0.1214406460990487
dcb_alpha1_part_bkg_pdf_jpsipi_pion: 0.7995812284234834
dcb_alpha2_part_bkg_pdf_jpsipi_pion: 0.8296808589238136
dcb_mean_part_bkg_pdf_jpsipi_pion: 5.375231496346119
dcb_n1_part_bkg_pdf_jpsipi_pion: 99.99968266602066
dcb_n2_part_bkg_pdf_jpsipi_pion: 99.89548251249423
dcb_sigma_part_bkg_pdf_jpsipi_pion: 0.08142466430161131
exp_slope_comb_bkg_pdf: -1.7322067087773672
