dcb1_alpha1_sig_pdf: 1.0551373451017627
dcb1_alpha2_sig_pdf: 7.905716306453952
dcb1_coeff_sig_pdf: 43746.65144123021
dcb1_mean_sig_pdf: 5.275412599254049
dcb1_n1_sig_pdf: 99.98920068378052
dcb1_n2_sig_pdf: 75.3916776501707
dcb1_sigma_sig_pdf: 0.052953420684341085
dcb2_alpha1_sig_pdf: 3.0487937788268202
dcb2_alpha2_sig_pdf: 1.2792617747901613
dcb2_coeff_sig_pdf: 10479.313726302353
dcb2_mean_sig_pdf: 5.1326247569882675
dcb2_n1_sig_pdf: 0.5000000019422176
dcb2_n2_sig_pdf: 77.38514977449985
dcb2_sigma_sig_pdf: 0.08436014679854645
dcb_alpha1_part_bkg_pdf_jpsipi_pion: 1.0676462657426764
dcb_alpha2_part_bkg_pdf_jpsipi_pion: 0.8821206442968665
dcb_mean_part_bkg_pdf_jpsipi_pion: 5.373633312273812
dcb_n1_part_bkg_pdf_jpsipi_pion: 99.99837790514458
dcb_n2_part_bkg_pdf_jpsipi_pion: 99.91521303834651
dcb_sigma_part_bkg_pdf_jpsipi_pion: 0.08571523364583244
exp_slope_comb_bkg_pdf: -1.7191120487103402
