dcb1_alpha1_sig_pdf: 1.05509628121423
dcb1_alpha2_sig_pdf: 7.905718921330869
dcb1_coeff_sig_pdf: 43746.00884556865
dcb1_mean_sig_pdf: 5.275411321817482
dcb1_n1_sig_pdf: 99.11584648916968
dcb1_n2_sig_pdf: 51.65293275305187
dcb1_sigma_sig_pdf: 0.052954240103660725
dcb2_alpha1_sig_pdf: 3.0487394499690934
dcb2_alpha2_sig_pdf: 1.2798826406581931
dcb2_coeff_sig_pdf: 10480.005435612728
dcb2_mean_sig_pdf: 5.132628220376099
dcb2_n1_sig_pdf: 0.5000032249710533
dcb2_n2_sig_pdf: 72.63595327506391
dcb2_sigma_sig_pdf: 0.0843488817329944
dcb_alpha1_part_bkg_pdf_jpsipi_pion: 1.0676462657426764
dcb_alpha2_part_bkg_pdf_jpsipi_pion: 0.8821206442968665
dcb_mean_part_bkg_pdf_jpsipi_pion: 5.373633312273812
dcb_n1_part_bkg_pdf_jpsipi_pion: 99.99837790514458
dcb_n2_part_bkg_pdf_jpsipi_pion: 99.91521303834651
dcb_sigma_part_bkg_pdf_jpsipi_pion: 0.08571523364583244
exp_slope_comb_bkg_pdf: -1.7191120487103402
