dcb1_alpha1_sig_pdf: 3.1389566924859023
dcb1_alpha2_sig_pdf: 5.382595454296093
dcb1_coeff_sig_pdf: 38128.23147899671
dcb1_mean_sig_pdf: 5.278750358084363
dcb1_n1_sig_pdf: 2.4118907477018263
dcb1_n2_sig_pdf: 99.65780915266726
dcb1_sigma_sig_pdf: 0.051336799053924895
dcb2_alpha1_sig_pdf: 2.8199130046429817
dcb2_alpha2_sig_pdf: 1.231445665959577
dcb2_coeff_sig_pdf: 14061.82759233926
dcb2_mean_sig_pdf: 5.161506696285618
dcb2_n1_sig_pdf: 0.909884562613067
dcb2_n2_sig_pdf: 31.765968457115473
dcb2_sigma_sig_pdf: 0.06786777571701302
dcb_alpha1_part_bkg_pdf_jpsipi_pion: 1.3094384753914214
dcb_alpha2_part_bkg_pdf_jpsipi_pion: 0.9027238733914984
dcb_mean_part_bkg_pdf_jpsipi_pion: 5.374314336378542
dcb_n1_part_bkg_pdf_jpsipi_pion: 99.99998986885208
dcb_n2_part_bkg_pdf_jpsipi_pion: 99.99985413263374
dcb_sigma_part_bkg_pdf_jpsipi_pion: 0.08713538345195938
poly_a0_comb_bkg_pdf: 6.122144382208664
poly_a1_comb_bkg_pdf: -1.692144593582638
poly_a2_comb_bkg_pdf: 0.01871508976448999
poly_offset_comb_bkg_pdf: 0.015160325138424469
