cb_alpha_sig_pdf: 3.24423000921168
cb_coeff_sig_pdf: 27209.512581159124
cb_mean_sig_pdf: 5.283910292636936
cb_n_sig_pdf: 0.5020107685881535
cb_sigma_sig_pdf: 0.04619850583352586
dcb_alpha1_part_bkg_pdf_jpsipi_pion: 1.3094384753914214
dcb_alpha2_part_bkg_pdf_jpsipi_pion: 0.9027238733914984
dcb_mean_part_bkg_pdf_jpsipi_pion: 5.374314336378542
dcb_n1_part_bkg_pdf_jpsipi_pion: 99.99998986885208
dcb_n2_part_bkg_pdf_jpsipi_pion: 99.99985413263374
dcb_sigma_part_bkg_pdf_jpsipi_pion: 0.08713538345195938
exp_slope_comb_bkg_pdf: -1.642616845846161
gauss_coeff_sig_pdf: 24982.804118456537
gauss_mean_sig_pdf: 5.212731106062471
gauss_sigma_sig_pdf: 0.08619217067093211
