dcb1_alpha1_sig_pdf: 3.23
dcb1_alpha2_sig_pdf: 4.73
dcb1_coeff_sig_pdf: 95961.0
dcb1_mean_sig_pdf: 5.28
dcb1_n1_sig_pdf: 6.589999999999999
dcb1_n2_sig_pdf: 8.62
dcb1_sigma_sig_pdf: 0.04999999999999999
dcb2_alpha1_sig_pdf: 2.25
dcb2_alpha2_sig_pdf: 2.85
dcb2_coeff_sig_pdf: 20728.999999999996
dcb2_mean_sig_pdf: 5.17
dcb2_n1_sig_pdf: 1.6300000000000001
dcb2_n2_sig_pdf: 7.860000000000002
dcb2_sigma_sig_pdf: 0.04000000000000001
dcb_alpha1_part_bkg_pdf_jpsipi_pion: 1.0610882073822925
dcb_alpha2_part_bkg_pdf_jpsipi_pion: 9.766890817205498
dcb_mean_part_bkg_pdf_jpsipi_pion: 5.380959950311884
dcb_n1_part_bkg_pdf_jpsipi_pion: 99.9997820010042
dcb_n2_part_bkg_pdf_jpsipi_pion: 78.52863928485046
dcb_sigma_part_bkg_pdf_jpsipi_pion: 0.11489757898791068
exp_slope_comb_bkg_pdf: -1.7267458717963722
