dcb1_alpha1_sig_pdf: 1.0000000030141085
dcb1_alpha2_sig_pdf: 3.262755408434594
dcb1_coeff_sig_pdf: 44131.118110895295
dcb1_mean_sig_pdf: 5.274384830745133
dcb1_n1_sig_pdf: 99.99960007632345
dcb1_n2_sig_pdf: 1.4771847936642741
dcb1_sigma_sig_pdf: 0.05346563356950881
dcb2_alpha1_sig_pdf: 3.08284083986221
dcb2_alpha2_sig_pdf: 5.8110875623493365
dcb2_coeff_sig_pdf: 12487.268977815547
dcb2_mean_sig_pdf: 5.110768907970852
dcb2_n1_sig_pdf: 0.5000002713600973
dcb2_n2_sig_pdf: 53.31215159808672
dcb2_sigma_sig_pdf: 0.12341788450717958
dcb_alpha1_part_bkg_pdf_jpsipi_pion: 0.7995812284234834
dcb_alpha2_part_bkg_pdf_jpsipi_pion: 0.8296808589238136
dcb_mean_part_bkg_pdf_jpsipi_pion: 5.375231496346119
dcb_n1_part_bkg_pdf_jpsipi_pion: 99.99968266602066
dcb_n2_part_bkg_pdf_jpsipi_pion: 99.89548251249423
dcb_sigma_part_bkg_pdf_jpsipi_pion: 0.08142466430161131
exp_slope_comb_bkg_pdf: -1.7322067087773672
