dcb1_alpha1_sig_pdf: 1.022464473913476
dcb1_alpha2_sig_pdf: 9.334466872833724
dcb1_coeff_sig_pdf: 19691.310832520827
dcb1_mean_sig_pdf: 5.142709167188361
dcb1_n1_sig_pdf: 349.9999999896374
dcb1_n2_sig_pdf: 0.10211240739882126
dcb1_sigma_sig_pdf: 0.10593904185878517
dcb2_alpha1_sig_pdf: 5.9190824074931765
dcb2_alpha2_sig_pdf: 3.1936313756755568
dcb2_coeff_sig_pdf: 37710.12945157448
dcb2_mean_sig_pdf: 5.276503446101238
dcb2_n1_sig_pdf: 53.868947222936924
dcb2_n2_sig_pdf: 1.4785224397415997
dcb2_sigma_sig_pdf: 0.05274910203264862
dcb_alpha1_part_bkg_pdf_jpsipi_pion: 0.7032425574629586
dcb_alpha2_part_bkg_pdf_jpsipi_pion: 0.8003595015907056
dcb_mean_part_bkg_pdf_jpsipi_pion: 5.377031545861474
dcb_n1_part_bkg_pdf_jpsipi_pion: 99.9996765599898
dcb_n2_part_bkg_pdf_jpsipi_pion: 99.99853391569145
dcb_sigma_part_bkg_pdf_jpsipi_pion: 0.07871919923047548
exp_slope_comb_bkg_pdf: -1.7267459923103416
