cb1_coeff_sig_pdf: 38094.92683437421
cb1_mean_sig_pdf: 5.278810745505887
cb1_sigma_sig_pdf: 0.05131901415722233
cb2_coeff_sig_pdf: 14094.795258448567
cb2_mean_sig_pdf: 5.161648591185131
cb2_sigma_sig_pdf: 0.06806800089565569
dcb1_alpha1_sig_pdf: 3.185639835497252
dcb1_alpha2_sig_pdf: 6.4556653433291284
dcb1_coeff_sig_pdf: 38094.92683437421
dcb1_mean_sig_pdf: 5.278810745505887
dcb1_n1_sig_pdf: 6.314263907059003
dcb1_n2_sig_pdf: 23.76953034192586
dcb1_sigma_sig_pdf: 0.05131901415722233
dcb2_alpha1_sig_pdf: 2.803531863272913
dcb2_alpha2_sig_pdf: 1.2587397436120649
dcb2_coeff_sig_pdf: 14094.795258448567
dcb2_mean_sig_pdf: 5.161648591185131
dcb2_n1_sig_pdf: 0.9119623228092334
dcb2_n2_sig_pdf: 25.121071767391634
dcb2_sigma_sig_pdf: 0.06806800089565569
dcb_alpha1_part_bkg_pdf_jpsipi_pion: 1.3094384753914214
dcb_alpha2_part_bkg_pdf_jpsipi_pion: 0.9027238733914984
dcb_mean_part_bkg_pdf_jpsipi_pion: 5.374314336378542
dcb_n1_part_bkg_pdf_jpsipi_pion: 99.99998986885208
dcb_n2_part_bkg_pdf_jpsipi_pion: 99.99985413263374
dcb_sigma_part_bkg_pdf_jpsipi_pion: 0.08713538345195938
poly_a0_comb_bkg_pdf: 6.122144382208664
poly_a1_comb_bkg_pdf: -1.692144593582638
poly_a2_comb_bkg_pdf: 0.01871508976448999
poly_offset_comb_bkg_pdf: 0.015160325138424469
