dcb1_alpha1_sig_pdf: 9.99999141693388
dcb1_alpha2_sig_pdf: 9.82183106857148
dcb1_coeff_sig_pdf: 37545.798922808935
dcb1_mean_sig_pdf: 5.276384368727704
dcb1_n1_sig_pdf: 8.709266985132055
dcb1_n2_sig_pdf: 7.783685691825079
dcb1_sigma_sig_pdf: 0.05267682534904371
dcb2_alpha1_sig_pdf: 1.053023347473871
dcb2_alpha2_sig_pdf: 2.65108672489224
dcb2_coeff_sig_pdf: 19856.703774019068
dcb2_mean_sig_pdf: 5.1430346761341985
dcb2_n1_sig_pdf: 99.99999991833958
dcb2_n2_sig_pdf: 4.364787887439713
dcb2_sigma_sig_pdf: 0.10757745461952031
dcb_alpha1_part_bkg_pdf_jpsipi_pion: 1.0610882073822925
dcb_alpha2_part_bkg_pdf_jpsipi_pion: 9.90698277713665
dcb_mean_part_bkg_pdf_jpsipi_pion: 5.380959950311884
dcb_n1_part_bkg_pdf_jpsipi_pion: 99.9997820010042
dcb_n2_part_bkg_pdf_jpsipi_pion: 78.52863928485046
dcb_sigma_part_bkg_pdf_jpsipi_pion: 0.11489757898791068
exp_slope_comb_bkg_pdf: -1.7267458717963722
