cb1_alpha_sig_pdf: 1.263909639387646
cb1_coeff_sig_pdf: 44997.85565031411
cb1_mean_sig_pdf: 5.273660077193848
cb1_n_sig_pdf: 49.9999996953175
cb1_sigma_sig_pdf: 0.055798302311851046
cb2_alpha_sig_pdf: 2.924023740602034
cb2_coeff_sig_pdf: 7191.658286564584
cb2_mean_sig_pdf: 5.138501446398131
cb2_n_sig_pdf: 0.5000040182247651
cb2_sigma_sig_pdf: 0.05868795501965414
dcb_alpha1_part_bkg_pdf_jpsipi_pion: 1.3094384753914214
dcb_alpha2_part_bkg_pdf_jpsipi_pion: 0.9027238733914984
dcb_mean_part_bkg_pdf_jpsipi_pion: 5.374314336378542
dcb_n1_part_bkg_pdf_jpsipi_pion: 99.99998986885208
dcb_n2_part_bkg_pdf_jpsipi_pion: 99.99985413263374
dcb_sigma_part_bkg_pdf_jpsipi_pion: 0.08713538345195938
exp_slope_comb_bkg_pdf: -1.642616845846161
