dcb1_alpha1_sig_pdf: 0.8374806715417459
dcb1_alpha2_sig_pdf: 2.9138642206262
dcb1_coeff_sig_pdf: 48796.71469122178
dcb1_mean_sig_pdf: 5.273810614774449
dcb1_n1_sig_pdf: 349.9985987355779
dcb1_n2_sig_pdf: 2.5906268006093978
dcb1_sigma_sig_pdf: 0.05415647897821974
dcb2_alpha1_sig_pdf: 3.354110297411034
dcb2_alpha2_sig_pdf: 1.7104977025530057
dcb2_coeff_sig_pdf: 6821.370646749126
dcb2_mean_sig_pdf: 5.083848932233233
dcb2_n1_sig_pdf: 0.010000157726350071
dcb2_n2_sig_pdf: 33.89793781873752
dcb2_sigma_sig_pdf: 0.08998033987802484
dcb_alpha1_part_bkg_pdf_jpsipi_pion: 0.9058862332344858
dcb_alpha2_part_bkg_pdf_jpsipi_pion: 0.8564709216286368
dcb_mean_part_bkg_pdf_jpsipi_pion: 5.374086616572487
dcb_n1_part_bkg_pdf_jpsipi_pion: 99.99997950817124
dcb_n2_part_bkg_pdf_jpsipi_pion: 99.99915821348692
dcb_sigma_part_bkg_pdf_jpsipi_pion: 0.08374328325906642
exp_slope_comb_bkg_pdf: -1.718215987366476
