dcb1_alpha1_sig_pdf: 12.097161065595694
dcb1_alpha2_sig_pdf: 3.994216932596437
dcb1_coeff_sig_pdf: 38080.86009511802
dcb1_mean_sig_pdf: 5.278783260548616
dcb1_n1_sig_pdf: 0.02533376206279062
dcb1_n2_sig_pdf: 73.95799917007326
dcb1_sigma_sig_pdf: 0.05132421496667852
dcb2_alpha1_sig_pdf: 2.7964589355996226
dcb2_alpha2_sig_pdf: 1.2406985172341647
dcb2_coeff_sig_pdf: 14110.685350620877
dcb2_mean_sig_pdf: 5.16154726056815
dcb2_n1_sig_pdf: 0.9305127144267236
dcb2_n2_sig_pdf: 30.559900293416078
dcb2_sigma_sig_pdf: 0.06809810856000156
