dcb1_alpha1_sig_pdf: 3.1389566924859023
dcb1_alpha2_sig_pdf: 5.382595454296093
dcb1_coeff_sig_pdf: 38128.23147899671
dcb1_mean_sig_pdf: 5.278750358084363
dcb1_n1_sig_pdf: 2.4118907477018263
dcb1_n2_sig_pdf: 99.65780915266726
dcb1_sigma_sig_pdf: 0.051336799053924895
dcb2_alpha1_sig_pdf: 2.8199130046429817
dcb2_alpha2_sig_pdf: 1.231445665959577
dcb2_coeff_sig_pdf: 14061.82759233926
dcb2_mean_sig_pdf: 5.161506696285618
dcb2_n1_sig_pdf: 0.909884562613067
dcb2_n2_sig_pdf: 31.765968457115473
dcb2_sigma_sig_pdf: 0.06786777571701302
dcb_alpha1_part_bkg_pdf_jpsipi_pion: 1.3094156139433326
dcb_alpha2_part_bkg_pdf_jpsipi_pion: 0.9026723434899283
dcb_mean_part_bkg_pdf_jpsipi_pion: 5.3743134455852335
dcb_n1_part_bkg_pdf_jpsipi_pion: 99.99988667465216
dcb_n2_part_bkg_pdf_jpsipi_pion: 99.99761126419087
dcb_sigma_part_bkg_pdf_jpsipi_pion: 0.08713436507633292
poly_a0_comb_bkg_pdf: 9.941939370432902
poly_a1_comb_bkg_pdf: -1.1405645984209842
poly_a2_comb_bkg_pdf: 0.8831097151682141
poly_a3_comb_bkg_pdf: -0.44749458398314435
poly_a4_comb_bkg_pdf: 0.05385297520469012
poly_offset_comb_bkg_pdf: -0.0009857411534142102
