dcb1_alpha1_sig_pdf: 1.0000000000047207
dcb1_alpha2_sig_pdf: 3.9448290441962306
dcb1_coeff_sig_pdf: 45703.713903695265
dcb1_mean_sig_pdf: 5.273416202337375
dcb1_n1_sig_pdf: 9.495998672984541
dcb1_n2_sig_pdf: 0.32798097690415995
dcb1_sigma_sig_pdf: 0.05364186307768968
dcb2_alpha1_sig_pdf: 5.617390483478942
dcb2_alpha2_sig_pdf: 5.227941623055923
dcb2_coeff_sig_pdf: 11665.790667876918
dcb2_mean_sig_pdf: 5.100000000025279
dcb2_n1_sig_pdf: 71.62239557334145
dcb2_n2_sig_pdf: 99.99968357769765
dcb2_sigma_sig_pdf: 0.13838899602133986
dcb_alpha1_part_bkg_pdf_jpsipi_pion: 0.7032425574629586
dcb_alpha2_part_bkg_pdf_jpsipi_pion: 0.8003595015907056
dcb_mean_part_bkg_pdf_jpsipi_pion: 5.377031545861474
dcb_n1_part_bkg_pdf_jpsipi_pion: 99.9996765599898
dcb_n2_part_bkg_pdf_jpsipi_pion: 99.99853391569145
dcb_sigma_part_bkg_pdf_jpsipi_pion: 0.07871919923047548
exp_slope_comb_bkg_pdf: -1.7267459923103416
