dcb1_alpha1_sig_pdf: 1.3713481311949536
dcb1_alpha2_sig_pdf: 3.873500107551108
dcb1_coeff_sig_pdf: 40199.99166787468
dcb1_mean_sig_pdf: 5.277543876717149
dcb1_n1_sig_pdf: 99.99938831648478
dcb1_n2_sig_pdf: 0.9004596645858598
dcb1_sigma_sig_pdf: 0.051943048802007605
dcb2_alpha1_sig_pdf: 2.8410514443695485
dcb2_alpha2_sig_pdf: 1.1642809333067634
dcb2_coeff_sig_pdf: 11990.073701097403
dcb2_mean_sig_pdf: 5.1598650718976815
dcb2_n1_sig_pdf: 0.7547322577592834
dcb2_n2_sig_pdf: 98.12523232846509
dcb2_sigma_sig_pdf: 0.06841932032004033
dcb_alpha1_part_bkg_pdf_jpsipi_pion: 1.309156722469304
dcb_alpha2_part_bkg_pdf_jpsipi_pion: 0.9029783516948127
dcb_mean_part_bkg_pdf_jpsipi_pion: 5.374318398480944
dcb_n1_part_bkg_pdf_jpsipi_pion: 99.99964344899156
dcb_n2_part_bkg_pdf_jpsipi_pion: 99.74089886757196
dcb_sigma_part_bkg_pdf_jpsipi_pion: 0.08713399325840387
exp_slope_comb_bkg_pdf: -1.6426167414481965
