dcb1_alpha1_sig_pdf: 1.000000065518274
dcb1_alpha2_sig_pdf: 4.160020628028651
dcb1_coeff_sig_pdf: 51673.78172657042
dcb1_mean_sig_pdf: 5.273116587657363
dcb1_n1_sig_pdf: 2.340285330608569
dcb1_n2_sig_pdf: 0.385927760795607
dcb1_sigma_sig_pdf: 0.05393461788944961
dcb2_alpha1_sig_pdf: 1.0000013902149953
dcb2_alpha2_sig_pdf: 2.1831569002352835
dcb2_coeff_sig_pdf: 7516.105935484296
dcb2_mean_sig_pdf: 5.121640711940641
dcb2_n1_sig_pdf: 90.18094978373348
dcb2_n2_sig_pdf: 75.21433201614838
dcb2_sigma_sig_pdf: 0.13340307093754608
dcb_alpha1_part_bkg_pdf_jpsipi_pion: 0.7726780707114133
dcb_alpha2_part_bkg_pdf_jpsipi_pion: 0.7977974354771659
dcb_mean_part_bkg_pdf_jpsipi_pion: 5.3767732963972374
dcb_n1_part_bkg_pdf_jpsipi_pion: 4.991961423684709
dcb_n2_part_bkg_pdf_jpsipi_pion: 99.99298008052216
dcb_sigma_part_bkg_pdf_jpsipi_pion: 0.0785569195894368
exp_slope_comb_bkg_pdf: -1.7717953172049912
