dcb1_alpha1_sig_pdf: 1.0000014484550295
dcb1_alpha2_sig_pdf: 3.9191815176096463
dcb1_coeff_sig_pdf: 45714.474468790366
dcb1_mean_sig_pdf: 5.273418570914359
dcb1_n1_sig_pdf: 9.383405037061843
dcb1_n2_sig_pdf: 10.049346093952273
dcb1_sigma_sig_pdf: 0.05363729897635558
dcb2_alpha1_sig_pdf: 3.6262737973026713
dcb2_alpha2_sig_pdf: 2.557803582013925
dcb2_coeff_sig_pdf: 11654.90507425544
dcb2_mean_sig_pdf: 5.100000097215378
dcb2_n1_sig_pdf: 31.797664618302324
dcb2_n2_sig_pdf: 21.87247762728443
dcb2_sigma_sig_pdf: 0.13835654120538357
dcb_alpha1_part_bkg_pdf_jpsipi_pion: 0.7032425574629586
dcb_alpha2_part_bkg_pdf_jpsipi_pion: 0.8003595015907056
dcb_mean_part_bkg_pdf_jpsipi_pion: 5.377031545861474
dcb_n1_part_bkg_pdf_jpsipi_pion: 99.9996765599898
dcb_n2_part_bkg_pdf_jpsipi_pion: 99.99853391569145
dcb_sigma_part_bkg_pdf_jpsipi_pion: 0.07871919923047548
exp_slope_comb_bkg_pdf: -1.7267459923103416
