dcb1_alpha1_sig_pdf: 1.000000114383561
dcb1_alpha2_sig_pdf: 2.9960823272038843
dcb1_coeff_sig_pdf: 44879.36418294557
dcb1_mean_sig_pdf: 5.274896233572846
dcb1_n1_sig_pdf: 99.99999344385719
dcb1_n2_sig_pdf: 2.334736923421487
dcb1_sigma_sig_pdf: 0.05372735715275548
dcb2_alpha1_sig_pdf: 3.0465162140496256
dcb2_alpha2_sig_pdf: 2.2674702141967993
dcb2_coeff_sig_pdf: 10738.256647571176
dcb2_mean_sig_pdf: 5.115047611352702
dcb2_n1_sig_pdf: 0.5000093748320734
dcb2_n2_sig_pdf: 23.76901034180085
dcb2_sigma_sig_pdf: 0.10258955982578855
dcb_alpha1_part_bkg_pdf_jpsipi_pion: 0.9058862332344858
dcb_alpha2_part_bkg_pdf_jpsipi_pion: 0.8564709216286368
dcb_mean_part_bkg_pdf_jpsipi_pion: 5.374086616572487
dcb_n1_part_bkg_pdf_jpsipi_pion: 99.99997950817124
dcb_n2_part_bkg_pdf_jpsipi_pion: 99.99915821348692
dcb_sigma_part_bkg_pdf_jpsipi_pion: 0.08374328325906642
exp_slope_comb_bkg_pdf: -1.718215987366476
